%funny joke
13 1 42
11 3 21
15 2 12 12 12
13 1 42
11 3 21
15 2 12 12 12
13 1 42
11 3 21
15 2 12 12 12
13 1 42
11 3 21
15 2 12 12 12
13 1 42
11 3 21
15 2 12 12 12
13 1 42
11 3 21
15 2 12 12 12
13 1 42
11 3 21
15 2 12 12 12
13 1 42
11 3 21
15 2 12 12 12
13 1 42
11 3 21
15 2 12 12 12
13 1 42
11 3 21
15 2 12 12 12
13 1 42
11 3 21
15 2 12 12 12
13 1 42
11 3 21
15 2 12 12 12
13 1 42
11 3 21
15 2 12 12 12
13 1 42
11 3 21
15 2 12 12 12
13 1 42
11 3 21
15 2 12 12 12
13 1 42
11 3 21
15 2 12 12 12
13 1 42
11 3 21
15 2 12 12 12
13 1 42
11 3 21
15 2 12 12 12
13 1 42
11 3 21
15 2 12 12 12
13 1 42
11 3 21
15 2 12 12 12
13 1 42
11 3 21
15 2 12 12 12
13 1 42
11 3 21
15 2 12 12 12
13 1 42
11 3 21
15 2 12 12 12
13 1 42
11 3 21
15 2 12 12 12
13 1 42
11 3 21
15 2 12 12 12
13 1 42
11 3 21
15 2 12 12 12
13 1 42
11 3 21
15 2 12 12 12
13 1 42
11 3 21
15 2 12 12 12
13 1 42
11 3 21
15 2 12 12 12
13 1 42
11 3 21
15 2 12 12 12
13 1 42
11 3 21
15 2 12 12 12
13 1 42
11 3 21
15 2 12 12 12
13 1 42
11 3 21
15 2 12 12 12
13 1 42
11 3 21
15 2 12 12 12
13 1 42
11 3 21
15 2 12 12 12
13 1 42
11 3 21
15 2 12 12 12
13 1 42
11 3 21
15 2 12 12 12
13 1 42
11 3 21
15 2 12 12 12
13 1 42
11 3 21
15 2 12 12 12
13 1 42
11 3 21
15 2 12 12 12
13 1 42
11 3 21
15 2 12 12 12
13 1 42
11 3 21
15 2 12 12 12
13 1 42
11 3 21
15 2 12 12 12
13 1 42
11 3 21
15 2 12 12 12
13 1 42
11 3 21
15 2 12 12 12
13 1 42
11 3 21
15 2 12 12 12
13 1 42
11 3 21
15 2 12 12 12
13 1 42
11 3 21
15 2 12 12 12
13 1 42
11 3 21
15 2 12 12 12
13 1 42
11 3 21
15 2 12 12 12

