%start prog
23 1 42
21 3 21
25 2 12 12 12
23 1 42
21 3 21
25 2 12 12 12
23 1 42
21 3 21
25 2 12 12 12
23 1 42
21 3 21
25 2 12 12 12
23 1 42
21 3 21
25 2 12 12 12
23 1 42
21 3 21
25 2 12 12 12
23 1 42
21 3 21
25 2 12 12 12
23 1 42
21 3 21
25 2 12 12 12
23 1 42
21 3 21
25 2 12 12 12
23 1 42
21 3 21
25 2 12 12 12
23 1 42
21 3 21
25 2 12 12 12
23 1 42
21 3 21
25 2 12 12 12
23 1 42
21 3 21
25 2 12 12 12
23 1 42
21 3 21
25 2 12 12 12
23 1 42
21 3 21
25 2 12 12 12
23 1 42
21 3 21
25 2 12 12 12
23 1 42
21 3 21
25 2 12 12 12
23 1 42
21 3 21
25 2 12 12 12
23 1 42
21 3 21
25 2 12 12 12
23 1 42
21 3 21
25 2 12 12 12
23 1 42
21 3 21
25 2 12 12 12
23 1 42
21 3 21
25 2 12 12 12
23 1 42
21 3 21
25 2 12 12 12
23 1 42
21 3 21
25 2 12 12 12
23 1 42
21 3 21
25 2 12 12 12
23 1 42
21 3 21
25 2 12 12 12
23 1 42
21 3 21
25 2 12 12 12
23 1 42
21 3 21
25 2 12 12 12
23 1 42
21 3 21
25 2 12 12 12
23 1 42
21 3 21
25 2 12 12 12
23 1 42
21 3 21
25 2 12 12 12
23 1 42
21 3 21
25 2 12 12 12
23 1 42
21 3 21
25 2 12 12 12
23 1 42
21 3 21
25 2 12 12 12
23 1 42
21 3 21
25 2 12 12 12
23 1 42
21 3 21
25 2 12 12 12
23 1 42
21 3 21
25 2 12 12 12
23 1 42
21 3 21
25 2 12 12 12
23 1 42
21 3 21
25 2 12 12 12
23 1 42
21 3 21
25 2 12 12 12
23 1 42
21 3 21
25 2 12 12 12
23 1 42
21 3 21
25 2 12 12 12
23 1 42
21 3 21
25 2 12 12 12
23 1 42
21 3 21
25 2 12 12 12
23 1 42
21 3 21
25 2 12 12 12
23 1 42
21 3 21
25 2 12 12 12
23 1 42
21 3 21
25 2 12 12 12
23 1 42
21 3 21
25 2 12 12 12
23 1 42
21 3 21
25 2 12 12 12
23 1 42
21 3 21
25 2 12 12 12
23 1 42
21 3 21
25 2 12 12 12
23 1 42
21 3 21
25 2 12 12 12
23 1 42
21 3 21
25 2 12 12 12
23 1 42
21 3 21
25 2 12 12 12
23 1 42
21 3 21
25 2 12 12 12
23 1 42
21 3 21
25 2 12 12 12
23 1 42
21 3 21
25 2 12 12 12
23 1 42
21 3 21
25 2 12 12 12
23 1 42
21 3 21
25 2 12 12 12
23 1 42
21 3 21
25 2 12 12 12
